{
 "cells": [
  {
   "cell_type": "markdown",
   "metadata": {},
   "source": [
    "# Eksploratory Data Analysis\n"
   ]
  },
  {
   "cell_type": "markdown",
   "metadata": {},
   "source": [
    "Setelah melakukan cleaning data, proses selanjutnya melakukan eksplorasi data "
   ]
  },
  {
   "cell_type": "code",
   "execution_count": 22,
   "metadata": {},
   "outputs": [],
   "source": [
    "# Memanggil data yang sudah dicleaning\n",
    "\n",
    "import pandas as pd\n",
    "\n",
    "import csv\n",
    "df = pd.read_csv('clean_df.csv', index_col=0)"
   ]
  },
  {
   "cell_type": "code",
   "execution_count": 31,
   "metadata": {},
   "outputs": [
    {
     "data": {
      "text/html": [
       "<div>\n",
       "<style scoped>\n",
       "    .dataframe tbody tr th:only-of-type {\n",
       "        vertical-align: middle;\n",
       "    }\n",
       "\n",
       "    .dataframe tbody tr th {\n",
       "        vertical-align: top;\n",
       "    }\n",
       "\n",
       "    .dataframe thead th {\n",
       "        text-align: right;\n",
       "    }\n",
       "</style>\n",
       "<table border=\"1\" class=\"dataframe\">\n",
       "  <thead>\n",
       "    <tr style=\"text-align: right;\">\n",
       "      <th></th>\n",
       "      <th>symbolling</th>\n",
       "      <th>normalized-losses</th>\n",
       "      <th>make</th>\n",
       "      <th>num-of-doors</th>\n",
       "      <th>body-style</th>\n",
       "      <th>drive-wheels</th>\n",
       "      <th>engine-location</th>\n",
       "      <th>wheel-base</th>\n",
       "      <th>length</th>\n",
       "      <th>width</th>\n",
       "      <th>...</th>\n",
       "      <th>horsepower</th>\n",
       "      <th>peak-rpm</th>\n",
       "      <th>city-L/100km</th>\n",
       "      <th>highway-L/100km</th>\n",
       "      <th>price</th>\n",
       "      <th>horsepower-binned</th>\n",
       "      <th>diesel</th>\n",
       "      <th>gas</th>\n",
       "      <th>std</th>\n",
       "      <th>turbo</th>\n",
       "    </tr>\n",
       "  </thead>\n",
       "  <tbody>\n",
       "    <tr>\n",
       "      <th>0</th>\n",
       "      <td>3</td>\n",
       "      <td>122</td>\n",
       "      <td>alfa-romero</td>\n",
       "      <td>two</td>\n",
       "      <td>convertible</td>\n",
       "      <td>rwd</td>\n",
       "      <td>front</td>\n",
       "      <td>88.6</td>\n",
       "      <td>0.811148</td>\n",
       "      <td>0.890278</td>\n",
       "      <td>...</td>\n",
       "      <td>111</td>\n",
       "      <td>5000.0</td>\n",
       "      <td>11.190476</td>\n",
       "      <td>27</td>\n",
       "      <td>13495</td>\n",
       "      <td>Low</td>\n",
       "      <td>0</td>\n",
       "      <td>1</td>\n",
       "      <td>1</td>\n",
       "      <td>0</td>\n",
       "    </tr>\n",
       "    <tr>\n",
       "      <th>1</th>\n",
       "      <td>3</td>\n",
       "      <td>122</td>\n",
       "      <td>alfa-romero</td>\n",
       "      <td>two</td>\n",
       "      <td>convertible</td>\n",
       "      <td>rwd</td>\n",
       "      <td>front</td>\n",
       "      <td>88.6</td>\n",
       "      <td>0.811148</td>\n",
       "      <td>0.890278</td>\n",
       "      <td>...</td>\n",
       "      <td>111</td>\n",
       "      <td>5000.0</td>\n",
       "      <td>11.190476</td>\n",
       "      <td>27</td>\n",
       "      <td>16500</td>\n",
       "      <td>Low</td>\n",
       "      <td>0</td>\n",
       "      <td>1</td>\n",
       "      <td>1</td>\n",
       "      <td>0</td>\n",
       "    </tr>\n",
       "    <tr>\n",
       "      <th>2</th>\n",
       "      <td>1</td>\n",
       "      <td>122</td>\n",
       "      <td>alfa-romero</td>\n",
       "      <td>two</td>\n",
       "      <td>hatchback</td>\n",
       "      <td>rwd</td>\n",
       "      <td>front</td>\n",
       "      <td>94.5</td>\n",
       "      <td>0.822681</td>\n",
       "      <td>0.909722</td>\n",
       "      <td>...</td>\n",
       "      <td>154</td>\n",
       "      <td>5000.0</td>\n",
       "      <td>12.368421</td>\n",
       "      <td>26</td>\n",
       "      <td>16500</td>\n",
       "      <td>Medium</td>\n",
       "      <td>0</td>\n",
       "      <td>1</td>\n",
       "      <td>1</td>\n",
       "      <td>0</td>\n",
       "    </tr>\n",
       "    <tr>\n",
       "      <th>3</th>\n",
       "      <td>2</td>\n",
       "      <td>164</td>\n",
       "      <td>audi</td>\n",
       "      <td>four</td>\n",
       "      <td>sedan</td>\n",
       "      <td>fwd</td>\n",
       "      <td>front</td>\n",
       "      <td>99.8</td>\n",
       "      <td>0.848630</td>\n",
       "      <td>0.919444</td>\n",
       "      <td>...</td>\n",
       "      <td>102</td>\n",
       "      <td>5500.0</td>\n",
       "      <td>9.791667</td>\n",
       "      <td>30</td>\n",
       "      <td>13950</td>\n",
       "      <td>Low</td>\n",
       "      <td>0</td>\n",
       "      <td>1</td>\n",
       "      <td>1</td>\n",
       "      <td>0</td>\n",
       "    </tr>\n",
       "    <tr>\n",
       "      <th>4</th>\n",
       "      <td>2</td>\n",
       "      <td>164</td>\n",
       "      <td>audi</td>\n",
       "      <td>four</td>\n",
       "      <td>sedan</td>\n",
       "      <td>4wd</td>\n",
       "      <td>front</td>\n",
       "      <td>99.4</td>\n",
       "      <td>0.848630</td>\n",
       "      <td>0.922222</td>\n",
       "      <td>...</td>\n",
       "      <td>115</td>\n",
       "      <td>5500.0</td>\n",
       "      <td>13.055556</td>\n",
       "      <td>22</td>\n",
       "      <td>17450</td>\n",
       "      <td>Low</td>\n",
       "      <td>0</td>\n",
       "      <td>1</td>\n",
       "      <td>1</td>\n",
       "      <td>0</td>\n",
       "    </tr>\n",
       "  </tbody>\n",
       "</table>\n",
       "<p>5 rows × 29 columns</p>\n",
       "</div>"
      ],
      "text/plain": [
       "   symbolling  normalized-losses         make num-of-doors   body-style  \\\n",
       "0           3                122  alfa-romero          two  convertible   \n",
       "1           3                122  alfa-romero          two  convertible   \n",
       "2           1                122  alfa-romero          two    hatchback   \n",
       "3           2                164         audi         four        sedan   \n",
       "4           2                164         audi         four        sedan   \n",
       "\n",
       "  drive-wheels engine-location  wheel-base    length     width  ...  \\\n",
       "0          rwd           front        88.6  0.811148  0.890278  ...   \n",
       "1          rwd           front        88.6  0.811148  0.890278  ...   \n",
       "2          rwd           front        94.5  0.822681  0.909722  ...   \n",
       "3          fwd           front        99.8  0.848630  0.919444  ...   \n",
       "4          4wd           front        99.4  0.848630  0.922222  ...   \n",
       "\n",
       "   horsepower  peak-rpm city-L/100km highway-L/100km  price horsepower-binned  \\\n",
       "0         111    5000.0    11.190476              27  13495               Low   \n",
       "1         111    5000.0    11.190476              27  16500               Low   \n",
       "2         154    5000.0    12.368421              26  16500            Medium   \n",
       "3         102    5500.0     9.791667              30  13950               Low   \n",
       "4         115    5500.0    13.055556              22  17450               Low   \n",
       "\n",
       "   diesel  gas  std  turbo  \n",
       "0       0    1    1      0  \n",
       "1       0    1    1      0  \n",
       "2       0    1    1      0  \n",
       "3       0    1    1      0  \n",
       "4       0    1    1      0  \n",
       "\n",
       "[5 rows x 29 columns]"
      ]
     },
     "execution_count": 31,
     "metadata": {},
     "output_type": "execute_result"
    }
   ],
   "source": [
    "df.head()\n"
   ]
  },
  {
   "cell_type": "code",
   "execution_count": 32,
   "metadata": {},
   "outputs": [
    {
     "data": {
      "text/html": [
       "<div>\n",
       "<style scoped>\n",
       "    .dataframe tbody tr th:only-of-type {\n",
       "        vertical-align: middle;\n",
       "    }\n",
       "\n",
       "    .dataframe tbody tr th {\n",
       "        vertical-align: top;\n",
       "    }\n",
       "\n",
       "    .dataframe thead th {\n",
       "        text-align: right;\n",
       "    }\n",
       "</style>\n",
       "<table border=\"1\" class=\"dataframe\">\n",
       "  <thead>\n",
       "    <tr style=\"text-align: right;\">\n",
       "      <th></th>\n",
       "      <th>symbolling</th>\n",
       "      <th>normalized-losses</th>\n",
       "      <th>wheel-base</th>\n",
       "      <th>length</th>\n",
       "      <th>width</th>\n",
       "      <th>height</th>\n",
       "      <th>curb-weight</th>\n",
       "      <th>engine-size</th>\n",
       "      <th>bore</th>\n",
       "      <th>stroke</th>\n",
       "      <th>compression-ratio</th>\n",
       "      <th>horsepower</th>\n",
       "      <th>peak-rpm</th>\n",
       "      <th>city-L/100km</th>\n",
       "      <th>highway-L/100km</th>\n",
       "      <th>price</th>\n",
       "      <th>diesel</th>\n",
       "      <th>gas</th>\n",
       "      <th>std</th>\n",
       "      <th>turbo</th>\n",
       "    </tr>\n",
       "  </thead>\n",
       "  <tbody>\n",
       "    <tr>\n",
       "      <th>symbolling</th>\n",
       "      <td>1.000000</td>\n",
       "      <td>0.466264</td>\n",
       "      <td>-0.535987</td>\n",
       "      <td>-0.365404</td>\n",
       "      <td>-0.242423</td>\n",
       "      <td>-0.550160</td>\n",
       "      <td>-0.233118</td>\n",
       "      <td>-0.110581</td>\n",
       "      <td>-0.140019</td>\n",
       "      <td>-0.008153</td>\n",
       "      <td>-0.182196</td>\n",
       "      <td>0.075810</td>\n",
       "      <td>0.279740</td>\n",
       "      <td>0.066171</td>\n",
       "      <td>0.036233</td>\n",
       "      <td>-0.082391</td>\n",
       "      <td>-0.196735</td>\n",
       "      <td>0.196735</td>\n",
       "      <td>0.054615</td>\n",
       "      <td>-0.054615</td>\n",
       "    </tr>\n",
       "    <tr>\n",
       "      <th>normalized-losses</th>\n",
       "      <td>0.466264</td>\n",
       "      <td>1.000000</td>\n",
       "      <td>-0.056661</td>\n",
       "      <td>0.019424</td>\n",
       "      <td>0.086802</td>\n",
       "      <td>-0.373737</td>\n",
       "      <td>0.099404</td>\n",
       "      <td>0.112360</td>\n",
       "      <td>-0.029862</td>\n",
       "      <td>0.055045</td>\n",
       "      <td>-0.114713</td>\n",
       "      <td>0.217300</td>\n",
       "      <td>0.239543</td>\n",
       "      <td>0.238567</td>\n",
       "      <td>-0.181877</td>\n",
       "      <td>0.133999</td>\n",
       "      <td>-0.101546</td>\n",
       "      <td>0.101546</td>\n",
       "      <td>0.006911</td>\n",
       "      <td>-0.006911</td>\n",
       "    </tr>\n",
       "    <tr>\n",
       "      <th>wheel-base</th>\n",
       "      <td>-0.535987</td>\n",
       "      <td>-0.056661</td>\n",
       "      <td>1.000000</td>\n",
       "      <td>0.876024</td>\n",
       "      <td>0.814507</td>\n",
       "      <td>0.590742</td>\n",
       "      <td>0.782097</td>\n",
       "      <td>0.572027</td>\n",
       "      <td>0.493244</td>\n",
       "      <td>0.158018</td>\n",
       "      <td>0.250313</td>\n",
       "      <td>0.371178</td>\n",
       "      <td>-0.360305</td>\n",
       "      <td>0.476153</td>\n",
       "      <td>-0.543304</td>\n",
       "      <td>0.584642</td>\n",
       "      <td>0.307237</td>\n",
       "      <td>-0.307237</td>\n",
       "      <td>-0.256889</td>\n",
       "      <td>0.256889</td>\n",
       "    </tr>\n",
       "    <tr>\n",
       "      <th>length</th>\n",
       "      <td>-0.365404</td>\n",
       "      <td>0.019424</td>\n",
       "      <td>0.876024</td>\n",
       "      <td>1.000000</td>\n",
       "      <td>0.857170</td>\n",
       "      <td>0.492063</td>\n",
       "      <td>0.880665</td>\n",
       "      <td>0.685025</td>\n",
       "      <td>0.608971</td>\n",
       "      <td>0.123952</td>\n",
       "      <td>0.159733</td>\n",
       "      <td>0.579795</td>\n",
       "      <td>-0.285970</td>\n",
       "      <td>0.657373</td>\n",
       "      <td>-0.698142</td>\n",
       "      <td>0.690628</td>\n",
       "      <td>0.211187</td>\n",
       "      <td>-0.211187</td>\n",
       "      <td>-0.230085</td>\n",
       "      <td>0.230085</td>\n",
       "    </tr>\n",
       "    <tr>\n",
       "      <th>width</th>\n",
       "      <td>-0.242423</td>\n",
       "      <td>0.086802</td>\n",
       "      <td>0.814507</td>\n",
       "      <td>0.857170</td>\n",
       "      <td>1.000000</td>\n",
       "      <td>0.306002</td>\n",
       "      <td>0.866201</td>\n",
       "      <td>0.729436</td>\n",
       "      <td>0.544885</td>\n",
       "      <td>0.188822</td>\n",
       "      <td>0.189867</td>\n",
       "      <td>0.615056</td>\n",
       "      <td>-0.245800</td>\n",
       "      <td>0.673363</td>\n",
       "      <td>-0.680635</td>\n",
       "      <td>0.751265</td>\n",
       "      <td>0.244356</td>\n",
       "      <td>-0.244356</td>\n",
       "      <td>-0.305732</td>\n",
       "      <td>0.305732</td>\n",
       "    </tr>\n",
       "    <tr>\n",
       "      <th>height</th>\n",
       "      <td>-0.550160</td>\n",
       "      <td>-0.373737</td>\n",
       "      <td>0.590742</td>\n",
       "      <td>0.492063</td>\n",
       "      <td>0.306002</td>\n",
       "      <td>1.000000</td>\n",
       "      <td>0.307581</td>\n",
       "      <td>0.074694</td>\n",
       "      <td>0.180449</td>\n",
       "      <td>-0.060663</td>\n",
       "      <td>0.259737</td>\n",
       "      <td>-0.087001</td>\n",
       "      <td>-0.309974</td>\n",
       "      <td>0.003811</td>\n",
       "      <td>-0.104812</td>\n",
       "      <td>0.135486</td>\n",
       "      <td>0.281578</td>\n",
       "      <td>-0.281578</td>\n",
       "      <td>-0.090336</td>\n",
       "      <td>0.090336</td>\n",
       "    </tr>\n",
       "    <tr>\n",
       "      <th>curb-weight</th>\n",
       "      <td>-0.233118</td>\n",
       "      <td>0.099404</td>\n",
       "      <td>0.782097</td>\n",
       "      <td>0.880665</td>\n",
       "      <td>0.866201</td>\n",
       "      <td>0.307581</td>\n",
       "      <td>1.000000</td>\n",
       "      <td>0.849072</td>\n",
       "      <td>0.644060</td>\n",
       "      <td>0.167438</td>\n",
       "      <td>0.156433</td>\n",
       "      <td>0.757981</td>\n",
       "      <td>-0.279361</td>\n",
       "      <td>0.785353</td>\n",
       "      <td>-0.794889</td>\n",
       "      <td>0.834415</td>\n",
       "      <td>0.221046</td>\n",
       "      <td>-0.221046</td>\n",
       "      <td>-0.321955</td>\n",
       "      <td>0.321955</td>\n",
       "    </tr>\n",
       "    <tr>\n",
       "      <th>engine-size</th>\n",
       "      <td>-0.110581</td>\n",
       "      <td>0.112360</td>\n",
       "      <td>0.572027</td>\n",
       "      <td>0.685025</td>\n",
       "      <td>0.729436</td>\n",
       "      <td>0.074694</td>\n",
       "      <td>0.849072</td>\n",
       "      <td>1.000000</td>\n",
       "      <td>0.572609</td>\n",
       "      <td>0.205928</td>\n",
       "      <td>0.028889</td>\n",
       "      <td>0.822668</td>\n",
       "      <td>-0.256733</td>\n",
       "      <td>0.745059</td>\n",
       "      <td>-0.679571</td>\n",
       "      <td>0.872335</td>\n",
       "      <td>0.070779</td>\n",
       "      <td>-0.070779</td>\n",
       "      <td>-0.110040</td>\n",
       "      <td>0.110040</td>\n",
       "    </tr>\n",
       "    <tr>\n",
       "      <th>bore</th>\n",
       "      <td>-0.140019</td>\n",
       "      <td>-0.029862</td>\n",
       "      <td>0.493244</td>\n",
       "      <td>0.608971</td>\n",
       "      <td>0.544885</td>\n",
       "      <td>0.180449</td>\n",
       "      <td>0.644060</td>\n",
       "      <td>0.572609</td>\n",
       "      <td>1.000000</td>\n",
       "      <td>-0.055390</td>\n",
       "      <td>0.001263</td>\n",
       "      <td>0.566903</td>\n",
       "      <td>-0.267392</td>\n",
       "      <td>0.554610</td>\n",
       "      <td>-0.591309</td>\n",
       "      <td>0.543155</td>\n",
       "      <td>0.054458</td>\n",
       "      <td>-0.054458</td>\n",
       "      <td>-0.227816</td>\n",
       "      <td>0.227816</td>\n",
       "    </tr>\n",
       "    <tr>\n",
       "      <th>stroke</th>\n",
       "      <td>-0.008153</td>\n",
       "      <td>0.055045</td>\n",
       "      <td>0.158018</td>\n",
       "      <td>0.123952</td>\n",
       "      <td>0.188822</td>\n",
       "      <td>-0.060663</td>\n",
       "      <td>0.167438</td>\n",
       "      <td>0.205928</td>\n",
       "      <td>-0.055390</td>\n",
       "      <td>1.000000</td>\n",
       "      <td>0.187871</td>\n",
       "      <td>0.098128</td>\n",
       "      <td>-0.063561</td>\n",
       "      <td>0.036133</td>\n",
       "      <td>-0.034636</td>\n",
       "      <td>0.082269</td>\n",
       "      <td>0.241064</td>\n",
       "      <td>-0.241064</td>\n",
       "      <td>-0.218233</td>\n",
       "      <td>0.218233</td>\n",
       "    </tr>\n",
       "    <tr>\n",
       "      <th>compression-ratio</th>\n",
       "      <td>-0.182196</td>\n",
       "      <td>-0.114713</td>\n",
       "      <td>0.250313</td>\n",
       "      <td>0.159733</td>\n",
       "      <td>0.189867</td>\n",
       "      <td>0.259737</td>\n",
       "      <td>0.156433</td>\n",
       "      <td>0.028889</td>\n",
       "      <td>0.001263</td>\n",
       "      <td>0.187871</td>\n",
       "      <td>1.000000</td>\n",
       "      <td>-0.214489</td>\n",
       "      <td>-0.435780</td>\n",
       "      <td>-0.299372</td>\n",
       "      <td>0.268465</td>\n",
       "      <td>0.071107</td>\n",
       "      <td>0.985231</td>\n",
       "      <td>-0.985231</td>\n",
       "      <td>-0.307522</td>\n",
       "      <td>0.307522</td>\n",
       "    </tr>\n",
       "    <tr>\n",
       "      <th>horsepower</th>\n",
       "      <td>0.075810</td>\n",
       "      <td>0.217300</td>\n",
       "      <td>0.371178</td>\n",
       "      <td>0.579795</td>\n",
       "      <td>0.615056</td>\n",
       "      <td>-0.087001</td>\n",
       "      <td>0.757981</td>\n",
       "      <td>0.822668</td>\n",
       "      <td>0.566903</td>\n",
       "      <td>0.098128</td>\n",
       "      <td>-0.214489</td>\n",
       "      <td>1.000000</td>\n",
       "      <td>0.107884</td>\n",
       "      <td>0.889482</td>\n",
       "      <td>-0.804579</td>\n",
       "      <td>0.809607</td>\n",
       "      <td>-0.169030</td>\n",
       "      <td>0.169030</td>\n",
       "      <td>-0.251159</td>\n",
       "      <td>0.251159</td>\n",
       "    </tr>\n",
       "    <tr>\n",
       "      <th>peak-rpm</th>\n",
       "      <td>0.279740</td>\n",
       "      <td>0.239543</td>\n",
       "      <td>-0.360305</td>\n",
       "      <td>-0.285970</td>\n",
       "      <td>-0.245800</td>\n",
       "      <td>-0.309974</td>\n",
       "      <td>-0.279361</td>\n",
       "      <td>-0.256733</td>\n",
       "      <td>-0.267392</td>\n",
       "      <td>-0.063561</td>\n",
       "      <td>-0.435780</td>\n",
       "      <td>0.107884</td>\n",
       "      <td>1.000000</td>\n",
       "      <td>0.115830</td>\n",
       "      <td>-0.058598</td>\n",
       "      <td>-0.101616</td>\n",
       "      <td>-0.475812</td>\n",
       "      <td>0.475812</td>\n",
       "      <td>0.190057</td>\n",
       "      <td>-0.190057</td>\n",
       "    </tr>\n",
       "    <tr>\n",
       "      <th>city-L/100km</th>\n",
       "      <td>0.066171</td>\n",
       "      <td>0.238567</td>\n",
       "      <td>0.476153</td>\n",
       "      <td>0.657373</td>\n",
       "      <td>0.673363</td>\n",
       "      <td>0.003811</td>\n",
       "      <td>0.785353</td>\n",
       "      <td>0.745059</td>\n",
       "      <td>0.554610</td>\n",
       "      <td>0.036133</td>\n",
       "      <td>-0.299372</td>\n",
       "      <td>0.889482</td>\n",
       "      <td>0.115830</td>\n",
       "      <td>1.000000</td>\n",
       "      <td>-0.930028</td>\n",
       "      <td>0.789898</td>\n",
       "      <td>-0.241282</td>\n",
       "      <td>0.241282</td>\n",
       "      <td>-0.157578</td>\n",
       "      <td>0.157578</td>\n",
       "    </tr>\n",
       "    <tr>\n",
       "      <th>highway-L/100km</th>\n",
       "      <td>0.036233</td>\n",
       "      <td>-0.181877</td>\n",
       "      <td>-0.543304</td>\n",
       "      <td>-0.698142</td>\n",
       "      <td>-0.680635</td>\n",
       "      <td>-0.104812</td>\n",
       "      <td>-0.794889</td>\n",
       "      <td>-0.679571</td>\n",
       "      <td>-0.591309</td>\n",
       "      <td>-0.034636</td>\n",
       "      <td>0.268465</td>\n",
       "      <td>-0.804579</td>\n",
       "      <td>-0.058598</td>\n",
       "      <td>-0.930028</td>\n",
       "      <td>1.000000</td>\n",
       "      <td>-0.704692</td>\n",
       "      <td>0.198690</td>\n",
       "      <td>-0.198690</td>\n",
       "      <td>0.241851</td>\n",
       "      <td>-0.241851</td>\n",
       "    </tr>\n",
       "    <tr>\n",
       "      <th>price</th>\n",
       "      <td>-0.082391</td>\n",
       "      <td>0.133999</td>\n",
       "      <td>0.584642</td>\n",
       "      <td>0.690628</td>\n",
       "      <td>0.751265</td>\n",
       "      <td>0.135486</td>\n",
       "      <td>0.834415</td>\n",
       "      <td>0.872335</td>\n",
       "      <td>0.543155</td>\n",
       "      <td>0.082269</td>\n",
       "      <td>0.071107</td>\n",
       "      <td>0.809607</td>\n",
       "      <td>-0.101616</td>\n",
       "      <td>0.789898</td>\n",
       "      <td>-0.704692</td>\n",
       "      <td>1.000000</td>\n",
       "      <td>0.110326</td>\n",
       "      <td>-0.110326</td>\n",
       "      <td>-0.179578</td>\n",
       "      <td>0.179578</td>\n",
       "    </tr>\n",
       "    <tr>\n",
       "      <th>diesel</th>\n",
       "      <td>-0.196735</td>\n",
       "      <td>-0.101546</td>\n",
       "      <td>0.307237</td>\n",
       "      <td>0.211187</td>\n",
       "      <td>0.244356</td>\n",
       "      <td>0.281578</td>\n",
       "      <td>0.221046</td>\n",
       "      <td>0.070779</td>\n",
       "      <td>0.054458</td>\n",
       "      <td>0.241064</td>\n",
       "      <td>0.985231</td>\n",
       "      <td>-0.169030</td>\n",
       "      <td>-0.475812</td>\n",
       "      <td>-0.241282</td>\n",
       "      <td>0.198690</td>\n",
       "      <td>0.110326</td>\n",
       "      <td>1.000000</td>\n",
       "      <td>-1.000000</td>\n",
       "      <td>-0.408228</td>\n",
       "      <td>0.408228</td>\n",
       "    </tr>\n",
       "    <tr>\n",
       "      <th>gas</th>\n",
       "      <td>0.196735</td>\n",
       "      <td>0.101546</td>\n",
       "      <td>-0.307237</td>\n",
       "      <td>-0.211187</td>\n",
       "      <td>-0.244356</td>\n",
       "      <td>-0.281578</td>\n",
       "      <td>-0.221046</td>\n",
       "      <td>-0.070779</td>\n",
       "      <td>-0.054458</td>\n",
       "      <td>-0.241064</td>\n",
       "      <td>-0.985231</td>\n",
       "      <td>0.169030</td>\n",
       "      <td>0.475812</td>\n",
       "      <td>0.241282</td>\n",
       "      <td>-0.198690</td>\n",
       "      <td>-0.110326</td>\n",
       "      <td>-1.000000</td>\n",
       "      <td>1.000000</td>\n",
       "      <td>0.408228</td>\n",
       "      <td>-0.408228</td>\n",
       "    </tr>\n",
       "    <tr>\n",
       "      <th>std</th>\n",
       "      <td>0.054615</td>\n",
       "      <td>0.006911</td>\n",
       "      <td>-0.256889</td>\n",
       "      <td>-0.230085</td>\n",
       "      <td>-0.305732</td>\n",
       "      <td>-0.090336</td>\n",
       "      <td>-0.321955</td>\n",
       "      <td>-0.110040</td>\n",
       "      <td>-0.227816</td>\n",
       "      <td>-0.218233</td>\n",
       "      <td>-0.307522</td>\n",
       "      <td>-0.251159</td>\n",
       "      <td>0.190057</td>\n",
       "      <td>-0.157578</td>\n",
       "      <td>0.241851</td>\n",
       "      <td>-0.179578</td>\n",
       "      <td>-0.408228</td>\n",
       "      <td>0.408228</td>\n",
       "      <td>1.000000</td>\n",
       "      <td>-1.000000</td>\n",
       "    </tr>\n",
       "    <tr>\n",
       "      <th>turbo</th>\n",
       "      <td>-0.054615</td>\n",
       "      <td>-0.006911</td>\n",
       "      <td>0.256889</td>\n",
       "      <td>0.230085</td>\n",
       "      <td>0.305732</td>\n",
       "      <td>0.090336</td>\n",
       "      <td>0.321955</td>\n",
       "      <td>0.110040</td>\n",
       "      <td>0.227816</td>\n",
       "      <td>0.218233</td>\n",
       "      <td>0.307522</td>\n",
       "      <td>0.251159</td>\n",
       "      <td>-0.190057</td>\n",
       "      <td>0.157578</td>\n",
       "      <td>-0.241851</td>\n",
       "      <td>0.179578</td>\n",
       "      <td>0.408228</td>\n",
       "      <td>-0.408228</td>\n",
       "      <td>-1.000000</td>\n",
       "      <td>1.000000</td>\n",
       "    </tr>\n",
       "  </tbody>\n",
       "</table>\n",
       "</div>"
      ],
      "text/plain": [
       "                   symbolling  normalized-losses  wheel-base    length  \\\n",
       "symbolling           1.000000           0.466264   -0.535987 -0.365404   \n",
       "normalized-losses    0.466264           1.000000   -0.056661  0.019424   \n",
       "wheel-base          -0.535987          -0.056661    1.000000  0.876024   \n",
       "length              -0.365404           0.019424    0.876024  1.000000   \n",
       "width               -0.242423           0.086802    0.814507  0.857170   \n",
       "height              -0.550160          -0.373737    0.590742  0.492063   \n",
       "curb-weight         -0.233118           0.099404    0.782097  0.880665   \n",
       "engine-size         -0.110581           0.112360    0.572027  0.685025   \n",
       "bore                -0.140019          -0.029862    0.493244  0.608971   \n",
       "stroke              -0.008153           0.055045    0.158018  0.123952   \n",
       "compression-ratio   -0.182196          -0.114713    0.250313  0.159733   \n",
       "horsepower           0.075810           0.217300    0.371178  0.579795   \n",
       "peak-rpm             0.279740           0.239543   -0.360305 -0.285970   \n",
       "city-L/100km         0.066171           0.238567    0.476153  0.657373   \n",
       "highway-L/100km      0.036233          -0.181877   -0.543304 -0.698142   \n",
       "price               -0.082391           0.133999    0.584642  0.690628   \n",
       "diesel              -0.196735          -0.101546    0.307237  0.211187   \n",
       "gas                  0.196735           0.101546   -0.307237 -0.211187   \n",
       "std                  0.054615           0.006911   -0.256889 -0.230085   \n",
       "turbo               -0.054615          -0.006911    0.256889  0.230085   \n",
       "\n",
       "                      width    height  curb-weight  engine-size      bore  \\\n",
       "symbolling        -0.242423 -0.550160    -0.233118    -0.110581 -0.140019   \n",
       "normalized-losses  0.086802 -0.373737     0.099404     0.112360 -0.029862   \n",
       "wheel-base         0.814507  0.590742     0.782097     0.572027  0.493244   \n",
       "length             0.857170  0.492063     0.880665     0.685025  0.608971   \n",
       "width              1.000000  0.306002     0.866201     0.729436  0.544885   \n",
       "height             0.306002  1.000000     0.307581     0.074694  0.180449   \n",
       "curb-weight        0.866201  0.307581     1.000000     0.849072  0.644060   \n",
       "engine-size        0.729436  0.074694     0.849072     1.000000  0.572609   \n",
       "bore               0.544885  0.180449     0.644060     0.572609  1.000000   \n",
       "stroke             0.188822 -0.060663     0.167438     0.205928 -0.055390   \n",
       "compression-ratio  0.189867  0.259737     0.156433     0.028889  0.001263   \n",
       "horsepower         0.615056 -0.087001     0.757981     0.822668  0.566903   \n",
       "peak-rpm          -0.245800 -0.309974    -0.279361    -0.256733 -0.267392   \n",
       "city-L/100km       0.673363  0.003811     0.785353     0.745059  0.554610   \n",
       "highway-L/100km   -0.680635 -0.104812    -0.794889    -0.679571 -0.591309   \n",
       "price              0.751265  0.135486     0.834415     0.872335  0.543155   \n",
       "diesel             0.244356  0.281578     0.221046     0.070779  0.054458   \n",
       "gas               -0.244356 -0.281578    -0.221046    -0.070779 -0.054458   \n",
       "std               -0.305732 -0.090336    -0.321955    -0.110040 -0.227816   \n",
       "turbo              0.305732  0.090336     0.321955     0.110040  0.227816   \n",
       "\n",
       "                     stroke  compression-ratio  horsepower  peak-rpm  \\\n",
       "symbolling        -0.008153          -0.182196    0.075810  0.279740   \n",
       "normalized-losses  0.055045          -0.114713    0.217300  0.239543   \n",
       "wheel-base         0.158018           0.250313    0.371178 -0.360305   \n",
       "length             0.123952           0.159733    0.579795 -0.285970   \n",
       "width              0.188822           0.189867    0.615056 -0.245800   \n",
       "height            -0.060663           0.259737   -0.087001 -0.309974   \n",
       "curb-weight        0.167438           0.156433    0.757981 -0.279361   \n",
       "engine-size        0.205928           0.028889    0.822668 -0.256733   \n",
       "bore              -0.055390           0.001263    0.566903 -0.267392   \n",
       "stroke             1.000000           0.187871    0.098128 -0.063561   \n",
       "compression-ratio  0.187871           1.000000   -0.214489 -0.435780   \n",
       "horsepower         0.098128          -0.214489    1.000000  0.107884   \n",
       "peak-rpm          -0.063561          -0.435780    0.107884  1.000000   \n",
       "city-L/100km       0.036133          -0.299372    0.889482  0.115830   \n",
       "highway-L/100km   -0.034636           0.268465   -0.804579 -0.058598   \n",
       "price              0.082269           0.071107    0.809607 -0.101616   \n",
       "diesel             0.241064           0.985231   -0.169030 -0.475812   \n",
       "gas               -0.241064          -0.985231    0.169030  0.475812   \n",
       "std               -0.218233          -0.307522   -0.251159  0.190057   \n",
       "turbo              0.218233           0.307522    0.251159 -0.190057   \n",
       "\n",
       "                   city-L/100km  highway-L/100km     price    diesel  \\\n",
       "symbolling             0.066171         0.036233 -0.082391 -0.196735   \n",
       "normalized-losses      0.238567        -0.181877  0.133999 -0.101546   \n",
       "wheel-base             0.476153        -0.543304  0.584642  0.307237   \n",
       "length                 0.657373        -0.698142  0.690628  0.211187   \n",
       "width                  0.673363        -0.680635  0.751265  0.244356   \n",
       "height                 0.003811        -0.104812  0.135486  0.281578   \n",
       "curb-weight            0.785353        -0.794889  0.834415  0.221046   \n",
       "engine-size            0.745059        -0.679571  0.872335  0.070779   \n",
       "bore                   0.554610        -0.591309  0.543155  0.054458   \n",
       "stroke                 0.036133        -0.034636  0.082269  0.241064   \n",
       "compression-ratio     -0.299372         0.268465  0.071107  0.985231   \n",
       "horsepower             0.889482        -0.804579  0.809607 -0.169030   \n",
       "peak-rpm               0.115830        -0.058598 -0.101616 -0.475812   \n",
       "city-L/100km           1.000000        -0.930028  0.789898 -0.241282   \n",
       "highway-L/100km       -0.930028         1.000000 -0.704692  0.198690   \n",
       "price                  0.789898        -0.704692  1.000000  0.110326   \n",
       "diesel                -0.241282         0.198690  0.110326  1.000000   \n",
       "gas                    0.241282        -0.198690 -0.110326 -1.000000   \n",
       "std                   -0.157578         0.241851 -0.179578 -0.408228   \n",
       "turbo                  0.157578        -0.241851  0.179578  0.408228   \n",
       "\n",
       "                        gas       std     turbo  \n",
       "symbolling         0.196735  0.054615 -0.054615  \n",
       "normalized-losses  0.101546  0.006911 -0.006911  \n",
       "wheel-base        -0.307237 -0.256889  0.256889  \n",
       "length            -0.211187 -0.230085  0.230085  \n",
       "width             -0.244356 -0.305732  0.305732  \n",
       "height            -0.281578 -0.090336  0.090336  \n",
       "curb-weight       -0.221046 -0.321955  0.321955  \n",
       "engine-size       -0.070779 -0.110040  0.110040  \n",
       "bore              -0.054458 -0.227816  0.227816  \n",
       "stroke            -0.241064 -0.218233  0.218233  \n",
       "compression-ratio -0.985231 -0.307522  0.307522  \n",
       "horsepower         0.169030 -0.251159  0.251159  \n",
       "peak-rpm           0.475812  0.190057 -0.190057  \n",
       "city-L/100km       0.241282 -0.157578  0.157578  \n",
       "highway-L/100km   -0.198690  0.241851 -0.241851  \n",
       "price             -0.110326 -0.179578  0.179578  \n",
       "diesel            -1.000000 -0.408228  0.408228  \n",
       "gas                1.000000  0.408228 -0.408228  \n",
       "std                0.408228  1.000000 -1.000000  \n",
       "turbo             -0.408228 -1.000000  1.000000  "
      ]
     },
     "execution_count": 32,
     "metadata": {},
     "output_type": "execute_result"
    }
   ],
   "source": [
    "# melihat korelasi seluruh variabel \n",
    "\n",
    "df.corr()"
   ]
  },
  {
   "cell_type": "code",
   "execution_count": 33,
   "metadata": {},
   "outputs": [
    {
     "data": {
      "text/html": [
       "<div>\n",
       "<style scoped>\n",
       "    .dataframe tbody tr th:only-of-type {\n",
       "        vertical-align: middle;\n",
       "    }\n",
       "\n",
       "    .dataframe tbody tr th {\n",
       "        vertical-align: top;\n",
       "    }\n",
       "\n",
       "    .dataframe thead th {\n",
       "        text-align: right;\n",
       "    }\n",
       "</style>\n",
       "<table border=\"1\" class=\"dataframe\">\n",
       "  <thead>\n",
       "    <tr style=\"text-align: right;\">\n",
       "      <th></th>\n",
       "      <th>bore</th>\n",
       "      <th>stroke</th>\n",
       "      <th>compression-ratio</th>\n",
       "      <th>horsepower</th>\n",
       "    </tr>\n",
       "  </thead>\n",
       "  <tbody>\n",
       "    <tr>\n",
       "      <th>bore</th>\n",
       "      <td>1.000000</td>\n",
       "      <td>-0.055390</td>\n",
       "      <td>0.001263</td>\n",
       "      <td>0.566903</td>\n",
       "    </tr>\n",
       "    <tr>\n",
       "      <th>stroke</th>\n",
       "      <td>-0.055390</td>\n",
       "      <td>1.000000</td>\n",
       "      <td>0.187871</td>\n",
       "      <td>0.098128</td>\n",
       "    </tr>\n",
       "    <tr>\n",
       "      <th>compression-ratio</th>\n",
       "      <td>0.001263</td>\n",
       "      <td>0.187871</td>\n",
       "      <td>1.000000</td>\n",
       "      <td>-0.214489</td>\n",
       "    </tr>\n",
       "    <tr>\n",
       "      <th>horsepower</th>\n",
       "      <td>0.566903</td>\n",
       "      <td>0.098128</td>\n",
       "      <td>-0.214489</td>\n",
       "      <td>1.000000</td>\n",
       "    </tr>\n",
       "  </tbody>\n",
       "</table>\n",
       "</div>"
      ],
      "text/plain": [
       "                       bore    stroke  compression-ratio  horsepower\n",
       "bore               1.000000 -0.055390           0.001263    0.566903\n",
       "stroke            -0.055390  1.000000           0.187871    0.098128\n",
       "compression-ratio  0.001263  0.187871           1.000000   -0.214489\n",
       "horsepower         0.566903  0.098128          -0.214489    1.000000"
      ]
     },
     "execution_count": 33,
     "metadata": {},
     "output_type": "execute_result"
    }
   ],
   "source": [
    "# melihat korelasi antar variabel bore, stroke, compressiion-ratio dan horse power\n",
    "\n",
    "df[['bore', 'stroke', 'compression-ratio', 'horsepower']].corr()"
   ]
  },
  {
   "cell_type": "code",
   "execution_count": 34,
   "metadata": {},
   "outputs": [],
   "source": [
    "# Import library matplotlib\n",
    "\n",
    "import matplotlib.pyplot as plt\n",
    "import seaborn as sns\n",
    "%matplotlib inline"
   ]
  },
  {
   "cell_type": "code",
   "execution_count": 35,
   "metadata": {},
   "outputs": [
    {
     "data": {
      "text/plain": [
       "(0, 56289.576717195414)"
      ]
     },
     "execution_count": 35,
     "metadata": {},
     "output_type": "execute_result"
    },
    {
     "data": {
